 -0.97499999999999998        1.2675496000688229E-002
 -0.92499999999999993        3.8984084075038748E-002
 -0.87500000000000000        6.6292779728237786E-002
 -0.82499999999999996        9.6365003399124835E-002
 -0.77499999999999991       0.12762969812849681     
 -0.72499999999999998       0.16072765954966944     
 -0.67499999999999993       0.19623300444784006     
 -0.62500000000000000       0.23496088014397537     
 -0.57499999999999996       0.27656773852180833     
 -0.52499999999999991       0.32243027829427295     
 -0.47499999999999998       0.37241335874696924     
 -0.42499999999999993       0.42860218618385465     
 -0.37499999999999989       0.49091173606839100     
 -0.32499999999999996       0.56210996849971606     
 -0.27499999999999991       0.64653259507986904     
 -0.22499999999999998       0.74640958707312921     
 -0.17499999999999993       0.87327765683271419     
 -0.12499999999999989        1.0438253498278809     
  -7.4999999999999956E-002   1.3056936580880025     
  -2.4999999999999911E-002   1.9966295209430895     
   2.5000000000000022E-002   1.9993559230231335     
   7.5000000000000067E-002   1.3044316609500475     
  0.12500000000000011        1.0433289918782971     
  0.17500000000000016       0.87344200488204582     
  0.22500000000000020       0.74696045584659321     
  0.27500000000000002       0.64669756413171642     
  0.32500000000000007       0.56271666875479387     
  0.37500000000000011       0.49081894828483591     
  0.42500000000000016       0.42907295751497992     
  0.47500000000000020       0.37252429458619130     
  0.52500000000000002       0.32282902109040906     
  0.57500000000000007       0.27665144767313005     
  0.62500000000000011       0.23409955919189515     
  0.67500000000000016       0.19663584449716145     
  0.72500000000000020       0.16098155965063776     
  0.77500000000000002       0.12729586408083671     
  0.82500000000000007        9.6160481752107688E-002
  0.87500000000000011        6.6684043796626832E-002
  0.92500000000000016        3.8998805098015128E-002
  0.97500000000000020        1.2778549680478491E-002
